edit(1,4)
2,3,4,1

edit(1,8)
2,7,8,1,4,5,6,3

edit(1,12)
2,11,12, 1, 4, 9,10, 3, 6, 7, 8, 5

edit(1,16)
2,15,16,1,4,13,14,3,6,11,12,5,8,9,10,7

edit(1,20)
2,19,20,1,4,17,18,3,6,15,16,5,8,13,14,7,10,11,12,9

edit(1,24)
2,23,24,1,4,21,22,3,6,19,20,5,8,17,18,7,10,15,16,9,12,13,14,11

edit(1,28)
2,27,28,1,4,25,26,3,6,23,24,5,8,21,22,7,10,19,20,9,12,17,18,11,14,15,16,13

edit(1,32)
2,31,32,1,4,29,30,3,6,27,28,5,8,25,26,7,10,23,24,9,12,21,22,11,14,19,20,13,16,17,18,15

edit(1,36)
2,35,36,1,4,33,34,3,6,31,32,5,8,29,30,7,10,27,28,9,12,25,26,11,14,23,24,13,16,21,22,15,18,19,20,17

edit(1,40)
2,39,40,1,4,37,38,3,6,35,36,5,8,33,34,7,10,31,32,9,12,29,30,11,14,27,28,13,16,25,26,15,18,23,24,17,20,21,22,19

edit(1,44)
2,43,44,1,4,41,42,3,6,39,40,5,8,37,38,7,10,35,36,9,12,33,34,11,14,31,32,13,16,29,30,15,18,27,28,17,20,25,26,19,22,23,24,21

edit(1,48)
2,47,48,1,4,45,46,3,6,43,44,5,8,41,42,7,10,39,40,9,12,37,38,11,14,35,36,13,16,33,34,15,18,31,32,17,20,29,30,19,22,27,28,21,24,25,26,23

edit(1,52)
2,51,52,1,4,49,50,3,6,47,48,5,8,45,46,7,10,43,44,9,12,41,42,11,14,39,40,13,16,37,38,15,18,35,36,17,20,33,34,19,22,311,32,21,24,29,30,23,26,27,28,25
